url_path,views_total,views_unique
/llnl/zero-rk,39,21
/LLNL/zero-rk,9,9
/llnl/zero-rk/blob/master/README.md,7,3
/llnl/zero-rk/blob/master/python/flame_solvers/flamesolver.py.in,4,1
/llnl/zero-rk/issues,3,3
/llnl/zero-rk/tree/github-repo-stats,3,2
/llnl/zero-rk/tree/github-repo-stats/llnl/zero-rk,3,1
/llnl/zero-rk/tree/github-repo-stats/llnl/zero-rk/latest-report,3,1
/llnl/zero-rk/tree/hip,3,1
/llnl/zero-rk/blob/master/CMakeLists.txt,2,2
